<<<<<<< HEAD
1.781855249745157854e-01
3.296636085626911683e-01
4.428134556574924163e-01
6.189602446483181142e-01
7.186544342507645844e-01
7.969418960244649686e-01
8.393476044852191675e-01
8.678899082568807266e-01
8.848114169215085534e-01
8.945973496432212402e-01
=======
8.909276248725789271e-02
2.377166156982671030e-01
4.342507645259939264e-01
5.704383282364934304e-01
6.764525993883792054e-01
7.394495412844037663e-01
7.706422018348624281e-01
7.981651376146788879e-01
8.159021406727828829e-01
8.269113149847094890e-01
>>>>>>> main
