<<<<<<< HEAD
6.194488419426812165e+00
5.420870410071478851e+00
4.778734525044758819e+00
4.277145014868842132e+00
3.932055764728122238e+00
3.716120428509182450e+00
3.599620554182264343e+00
3.523627413643731110e+00
3.456354432635837082e+00
3.411957210964626785e+00
=======
6.291613949669732087e+00
6.235594802432590456e+00
6.161703215705023773e+00
6.103057490454779632e+00
6.058137840694850951e+00
6.024311966366237669e+00
5.997608290778265960e+00
5.979326830969916351e+00
5.962169064415825837e+00
5.949314329359266296e+00
>>>>>>> main
