3.268397331237792969e+00
3.123560190200805664e+00
3.241042375564575195e+00
3.616427183151245117e+00
3.399988889694213867e+00
3.602373838424682617e+00
3.507360219955444336e+00
3.551107883453369141e+00
2.322934150695800781e+00
2.712471246719360352e+00
3.305819749832153320e+00
2.725638866424560547e+00
2.713338613510131836e+00
2.662111282348632812e+00
2.537353754043579102e+00
2.545336246490478516e+00
2.539374113082885742e+00
2.362359285354614258e+00
2.868241310119628906e+00
2.397552967071533203e+00
2.669623374938964844e+00
2.546546220779418945e+00
2.741552591323852539e+00
2.350406646728515625e+00
2.978368282318115234e+00
2.765076875686645508e+00
3.038416147232055664e+00
2.769213199615478516e+00
2.173736810684204102e+00
2.726196289062500000e+00
2.523390769958496094e+00
2.607444047927856445e+00
2.563591241836547852e+00
2.832336664199829102e+00
2.511210203170776367e+00
2.303992509841918945e+00
2.835402488708496094e+00
2.755635499954223633e+00
2.748190164566040039e+00
2.695270299911499023e+00
2.686503171920776367e+00
3.044594049453735352e+00
2.516061782836914062e+00
2.971565961837768555e+00
3.169075250625610352e+00
2.864816665649414062e+00
2.492174863815307617e+00
2.388916730880737305e+00
3.230855226516723633e+00
2.854280233383178711e+00
3.163977146148681641e+00
2.424790620803833008e+00
2.847846269607543945e+00
3.183154582977294922e+00
2.831898212432861328e+00
2.189570903778076172e+00
2.745558261871337891e+00
3.009867668151855469e+00
2.797971963882446289e+00
2.979210376739501953e+00
2.780975103378295898e+00
3.106889486312866211e+00
2.798146963119506836e+00
2.721290349960327148e+00
3.212558746337890625e+00
2.852072954177856445e+00
2.444028377532958984e+00
3.062703847885131836e+00
2.232531070709228516e+00
3.215967416763305664e+00
2.810264348983764648e+00
3.209956645965576172e+00
2.151635408401489258e+00
3.663017034530639648e+00
2.928666591644287109e+00
3.192635536193847656e+00
3.606837511062622070e+00
2.836911439895629883e+00
3.171647787094116211e+00
2.787401676177978516e+00
