2.800000000000000058e-02
2.000000000000000042e-02
1.200000000000000025e-02
1.000000000000000021e-02
1.400000000000000029e-02
1.200000000000000025e-02
2.000000000000000042e-02
2.400000000000000050e-02
4.000000000000000083e-02
4.599999999999999922e-02
4.000000000000000083e-02
6.199999999999999956e-02
5.000000000000000278e-02
5.199999999999999761e-02
5.000000000000000278e-02
7.799999999999999989e-02
6.400000000000000133e-02
6.600000000000000311e-02
8.599999999999999312e-02
6.199999999999999956e-02
8.200000000000000344e-02
8.400000000000000522e-02
7.199999999999999456e-02
8.200000000000000344e-02
8.200000000000000344e-02
1.019999999999999934e-01
9.800000000000000377e-02
1.079999999999999988e-01
8.999999999999999667e-02
8.999999999999999667e-02
8.400000000000000522e-02
1.120000000000000023e-01
8.200000000000000344e-02
1.219999999999999973e-01
7.399999999999999634e-02
1.160000000000000059e-01
1.059999999999999970e-01
1.219999999999999973e-01
1.580000000000000016e-01
1.340000000000000080e-01
1.300000000000000044e-01
1.459999999999999909e-01
1.640000000000000069e-01
1.519999999999999962e-01
1.559999999999999998e-01
1.300000000000000044e-01
1.660000000000000087e-01
1.439999999999999891e-01
1.380000000000000115e-01
1.620000000000000051e-01
1.479999999999999927e-01
1.519999999999999962e-01
1.459999999999999909e-01
1.559999999999999998e-01
1.459999999999999909e-01
1.539999999999999980e-01
1.479999999999999927e-01
1.419999999999999873e-01
1.620000000000000051e-01
1.260000000000000009e-01
1.219999999999999973e-01
1.459999999999999909e-01
1.400000000000000133e-01
1.260000000000000009e-01
1.419999999999999873e-01
1.519999999999999962e-01
1.459999999999999909e-01
1.160000000000000059e-01
1.160000000000000059e-01
1.019999999999999934e-01
1.300000000000000044e-01
8.799999999999999489e-02
1.160000000000000059e-01
1.160000000000000059e-01
9.400000000000000022e-02
1.039999999999999952e-01
1.019999999999999934e-01
9.400000000000000022e-02
9.199999999999999845e-02
1.160000000000000059e-01
1.160000000000000059e-01
9.800000000000000377e-02
1.039999999999999952e-01
7.799999999999999989e-02
1.059999999999999970e-01
1.100000000000000006e-01
1.160000000000000059e-01
1.140000000000000041e-01
9.800000000000000377e-02
1.199999999999999956e-01
