1.242924976348877032e-02
1.242915439605712935e-02
1.242929458618164014e-02
1.242915058135986295e-02
1.242896270751953081e-02
1.242889785766601585e-02
1.242905426025390711e-02
1.242877578735351526e-02
1.242894744873046867e-02
1.242875385284423866e-02
1.242860221862793040e-02
1.242873573303222672e-02
1.242874908447265565e-02
1.242867183685302662e-02
1.242861938476562574e-02
1.242839527130126971e-02
1.242867946624755943e-02
1.242825794219970699e-02
1.242856121063232351e-02
1.242821788787841844e-02
1.242821216583251884e-02
1.242810440063476553e-02
1.242805194854736291e-02
1.242795753479003854e-02
1.242811012268066340e-02
1.242779827117919920e-02
1.242743682861328046e-02
1.242701816558837956e-02
1.242773151397705104e-02
1.242716312408447335e-02
1.242727375030517646e-02
1.242688846588134791e-02
1.242735385894775356e-02
1.242680835723876907e-02
1.242673969268798771e-02
1.242688274383545004e-02
1.242668724060058509e-02
1.242623424530029351e-02
1.242592525482177739e-02
1.242601585388183535e-02
1.242600727081298768e-02
1.242536258697509756e-02
1.242393589019775459e-02
1.242588520050048884e-02
1.242563533782958980e-02
1.242547798156738367e-02
1.242427539825439499e-02
1.242456722259521404e-02
1.242443370819091772e-02
1.242374706268310584e-02
1.242391300201415964e-02
1.242250061035156221e-02
1.242278957366943319e-02
1.242268753051757775e-02
1.242437362670898403e-02
1.242209625244140685e-02
1.242173385620117150e-02
1.242266464233398454e-02
1.242016792297363260e-02
1.242139244079589790e-02
1.242593097686767525e-02
1.242312717437744213e-02
1.242005920410156269e-02
1.242289066314697203e-02
1.242323875427246010e-02
1.242071247100830049e-02
1.242026615142822338e-02
1.242001342773437454e-02
1.242229557037353473e-02
1.242124938964843731e-02
1.241752529144287027e-02
1.241947650909423773e-02
1.242048645019531300e-02
1.242081832885742233e-02
1.242257785797119124e-02
1.241968822479247968e-02
1.242098903656005913e-02
1.241998100280761706e-02
1.241823482513427709e-02
1.241614627838134692e-02
1.241958045959472637e-02
1.242094612121582078e-02
1.241936206817626995e-02
1.242298412322997980e-02
1.241823768615722690e-02
1.241815090179443359e-02
1.241704082489013608e-02
1.241736412048339774e-02
1.241779136657714805e-02
1.241461372375488210e-02
